K-Centroids obtained in K-Means++.ipynb

(2131, [0.6, 0.0, 0.0, 0.0, 0.91, 0.0, 0.0, 0.0, 0.0, 0.0, 0.0, 0.91, 0.6, 0.0, 0.0, 0.0, 0.0, 0.0, 1.21, 0.0, 1.82, 0.0, 0.0, 0.0, 0.3, 0.3, 0.0, 0.0, 0.0, 0.0, 0.0, 0.0, 0.0, 0.0, 0.0, 0.0, 0.6, 0.0, 0.0, 0.0, 0.0, 0.91, 0.0, 0.0, 0.3, 0.0, 0.0, 0.3, 0.088, 0.044, 0.0, 0.044, 0.0, 0.0, 2.222, 22.0, 120.0, 0.0])
(4427, [0.0, 0.0, 0.0, 0.0, 0.0, 0.0, 0.0, 0.0, 0.0, 0.0, 0.0, 0.0, 0.0, 0.0, 0.0, 3.03, 0.0, 3.03, 3.03, 0.0, 3.03, 0.0, 0.0, 0.0, 0.0, 0.0, 0.0, 0.0, 0.0, 0.0, 0.0, 0.0, 0.0, 0.0, 0.0, 0.0, 0.0, 0.0, 0.0, 0.0, 0.0, 0.0, 0.0, 0.0, 0.0, 0.0, 0.0, 0.0, 0.0, 0.0, 0.0, 0.0, 0.0, 0.0, 5.153, 55.0, 67.0, 0.0])
(2447, [0.0, 0.0, 0.0, 0.0, 0.0, 0.0, 0.0, 0.0, 0.0, 0.0, 0.0, 0.89, 0.0, 0.0, 0.0, 0.0, 0.0, 0.0, 3.57, 0.0, 2.67, 0.0, 0.0, 0.0, 0.0, 0.0, 0.0, 0.0, 0.0, 0.0, 0.0, 0.0, 0.0, 0.0, 0.0, 0.0, 0.0, 0.0, 0.0, 0.0, 0.0, 0.0, 0.0, 0.0, 0.0, 0.0, 0.0, 0.0, 0.0, 0.0, 0.0, 0.0, 0.0, 0.0, 2.375, 23.0, 38.0, 0.0])
(3979, [0.0, 0.0, 4.34, 0.0, 0.0, 0.0, 0.0, 0.0, 0.0, 0.0, 0.0, 0.0, 0.0, 0.0, 0.0, 0.0, 0.0, 0.0, 0.0, 0.0, 0.0, 0.0, 0.0, 0.0, 0.0, 0.0, 0.0, 0.0, 0.0, 0.0, 0.0, 0.0, 0.0, 0.0, 0.0, 0.0, 0.0, 0.0, 0.0, 0.0, 0.0, 0.0, 0.0, 0.0, 0.0, 0.0, 0.0, 0.0, 0.0, 0.0, 0.0, 1.342, 0.0, 0.0, 1.2, 2.0, 12.0, 0.0])
(3830, [0.55, 0.0, 0.0, 0.0, 0.0, 0.0, 0.0, 0.0, 0.0, 0.55, 0.0, 0.0, 0.0, 0.0, 0.0, 0.0, 0.0, 0.0, 0.0, 0.0, 0.0, 0.0, 0.0, 0.0, 1.11, 0.55, 1.66, 0.55, 0.55, 0.55, 0.55, 0.55, 0.0, 0.55, 0.55, 0.55, 0.55, 0.0, 0.55, 0.55, 0.0, 0.0, 0.55, 0.0, 0.55, 0.0, 0.0, 0.0, 0.0, 0.367, 0.091, 0.0, 0.0, 0.0, 2.117, 12.0, 108.0, 0.0])
(4227, [0.0, 0.0, 0.58, 0.0, 0.0, 0.58, 0.0, 0.0, 0.0, 0.0, 0.0, 0.0, 0.0, 0.0, 0.0, 0.0, 0.0, 0.0, 1.76, 0.0, 1.17, 0.0, 0.0, 0.0, 0.0, 0.0, 0.0, 0.0, 0.0, 0.0, 0.0, 0.0, 0.0, 0.0, 0.0, 0.0, 0.0, 0.0, 0.0, 0.0, 0.0, 0.0, 0.0, 0.0, 0.0, 0.0, 0.0, 0.0, 0.0, 0.108, 0.108, 0.432, 0.0, 0.0, 1.0, 1.0, 35.0, 0.0])
(3513, [0.0, 0.0, 0.0, 0.0, 0.0, 0.0, 0.68, 0.0, 0.0, 0.68, 0.0, 0.0, 0.0, 0.0, 0.0, 0.0, 0.0, 0.0, 1.37, 0.0, 2.06, 0.0, 0.0, 0.0, 0.0, 0.0, 0.68, 0.0, 0.0, 0.0, 0.0, 0.68, 0.0, 0.68, 0.0, 0.0, 0.0, 0.0, 0.0, 0.0, 0.0, 0.0, 0.0, 0.0, 0.0, 0.0, 0.0, 0.0, 0.0, 0.144, 0.0, 0.0, 0.0, 0.072, 3.369, 19.0, 155.0, 0.0])
(4307, [0.0, 0.0, 0.71, 0.0, 0.0, 0.0, 0.0, 0.0, 0.0, 0.0, 0.0, 0.71, 0.71, 0.0, 0.0, 0.0, 0.0, 0.0, 0.71, 0.0, 0.0, 0.0, 0.0, 0.0, 0.0, 0.0, 0.0, 0.0, 0.0, 0.0, 0.0, 0.0, 0.0, 0.0, 0.0, 0.0, 0.0, 0.0, 0.0, 0.0, 0.0, 0.0, 0.0, 0.0, 0.0, 0.0, 0.0, 0.0, 0.0, 0.121, 0.0, 0.243, 0.0, 0.0, 1.0, 1.0, 31.0, 0.0])
(4532, [0.0, 0.0, 0.0, 0.0, 0.0, 0.0, 0.0, 0.0, 0.0, 0.0, 0.0, 1.92, 0.0, 0.0, 0.0, 1.92, 0.0, 0.0, 3.84, 0.0, 1.92, 0.0, 0.0, 0.0, 0.0, 0.0, 0.0, 0.0, 0.0, 0.0, 0.0, 0.0, 0.0, 0.0, 0.0, 0.0, 0.0, 0.0, 0.0, 0.0, 1.92, 0.0, 0.0, 0.0, 1.92, 1.92, 0.0, 0.0, 0.0, 0.0, 0.0, 0.0, 0.0, 0.0, 1.611, 5.0, 29.0, 0.0])
(2277, [0.0, 0.0, 0.0, 0.0, 0.0, 0.0, 0.0, 0.0, 0.0, 0.29, 0.0, 0.0, 0.0, 0.0, 0.0, 0.0, 0.0, 0.0, 0.58, 0.0, 0.58, 0.0, 0.0, 0.0, 3.51, 2.34, 0.87, 2.34, 0.58, 1.17, 0.58, 0.58, 0.0, 0.58, 1.17, 0.58, 0.29, 0.0, 0.87, 0.58, 0.0, 0.87, 0.29, 0.0, 0.58, 0.0, 0.0, 0.0, 0.091, 0.637, 0.045, 0.0, 0.0, 0.0, 3.552, 37.0, 373.0, 0.0])