K-Centroids obtained in K-Means.ipynb

(0, [0.32, 0.0, 0.16, 0.0, 0.0, 0.0, 0.0, 0.0, 0.0, 0.0, 0.0, 1.29, 0.48, 0.0, 0.0, 0.16, 0.0, 0.0, 2.43, 0.0, 0.32, 0.0, 0.0, 0.0, 0.0, 0.0, 0.0, 0.0, 0.0, 0.0, 0.0, 0.0, 0.0, 0.0, 0.0, 0.0, 0.0, 0.0, 0.16, 0.0, 0.0, 0.0, 0.0, 0.0, 0.48, 0.16, 0.0, 0.0, 0.0, 0.0, 0.0, 0.082, 0.0, 0.0, 1.704, 47.0, 167.0, 0.0])
(1, [0.0, 0.36, 0.36, 0.0, 0.0, 0.0, 0.0, 0.0, 0.0, 0.36, 0.0, 0.0, 0.0, 0.0, 0.0, 0.0, 0.0, 0.0, 1.47, 0.0, 0.36, 8.85, 0.0, 0.0, 0.0, 0.0, 0.0, 0.0, 0.0, 0.0, 0.0, 0.0, 0.0, 0.0, 0.0, 0.0, 0.0, 0.0, 0.0, 0.0, 0.0, 0.0, 0.0, 0.0, 0.0, 0.0, 0.0, 0.0, 4.121, 0.0, 0.0, 0.063, 0.0, 0.507, 7.326, 43.0, 359.0, 0.0])
(2, [0.28, 0.0, 0.28, 0.0, 0.57, 0.0, 0.0, 0.0, 0.0, 0.0, 0.0, 0.28, 0.0, 0.0, 0.0, 0.0, 0.0, 0.0, 2.87, 0.0, 0.86, 0.0, 0.0, 0.0, 0.0, 0.0, 0.0, 0.0, 0.0, 0.0, 0.0, 0.0, 0.0, 0.0, 0.0, 0.0, 0.0, 0.0, 0.0, 0.0, 0.0, 0.0, 0.0, 0.0, 0.0, 0.0, 0.0, 0.0, 0.0, 0.154, 0.0, 0.308, 0.0, 0.0, 1.148, 4.0, 54.0, 0.0])
(3, [0.26, 0.0, 0.26, 0.0, 0.0, 0.0, 0.0, 0.0, 0.0, 0.0, 0.0, 0.26, 0.52, 0.0, 0.0, 0.0, 0.0, 0.0, 1.56, 0.0, 0.0, 0.0, 0.0, 0.0, 0.78, 0.26, 0.0, 0.0, 0.0, 0.0, 0.0, 0.0, 0.0, 0.0, 0.0, 0.0, 0.0, 0.0, 0.0, 0.26, 0.0, 0.0, 0.0, 0.0, 0.0, 0.0, 0.0, 0.0, 0.123, 0.041, 0.0, 0.041, 0.0, 0.0, 1.517, 4.0, 44.0, 0.0])
(4, [0.0, 0.0, 0.0, 0.0, 0.0, 0.0, 0.0, 0.0, 0.0, 0.0, 0.0, 0.0, 0.0, 0.0, 0.0, 0.0, 0.0, 0.0, 0.0, 0.0, 0.0, 0.0, 0.0, 0.0, 0.0, 0.0, 0.0, 0.0, 0.0, 0.0, 0.0, 0.0, 3.44, 0.0, 0.0, 0.0, 0.0, 0.0, 0.0, 0.0, 0.0, 0.0, 0.0, 0.0, 0.0, 0.0, 0.0, 0.0, 0.0, 0.0, 0.0, 0.0, 0.0, 0.0, 1.5, 6.0, 66.0, 0.0])
(5, [0.0, 0.0, 0.32, 0.0, 0.64, 0.64, 0.32, 0.32, 0.0, 0.0, 0.0, 0.32, 0.32, 0.0, 0.0, 0.32, 0.32, 0.0, 2.27, 0.0, 3.24, 0.0, 0.0, 0.32, 0.0, 0.0, 0.0, 0.0, 0.0, 0.0, 0.0, 0.0, 0.0, 0.0, 0.0, 0.0, 0.0, 0.0, 0.0, 0.0, 0.0, 0.0, 0.0, 0.0, 0.32, 0.0, 0.0, 0.0, 0.0, 0.106, 0.0, 0.0, 0.159, 0.053, 1.537, 10.0, 143.0, 1.0])
(6, [0.1, 0.2, 1.01, 0.0, 0.8, 0.8, 0.5, 0.0, 0.8, 0.1, 0.3, 0.7, 0.3, 0.0, 1.61, 0.1, 0.0, 1.11, 1.31, 0.2, 0.7, 0.0, 0.6, 0.1, 0.0, 0.0, 0.0, 0.0, 0.0, 0.0, 0.0, 0.0, 0.0, 0.0, 0.0, 0.0, 0.0, 0.0, 0.0, 0.0, 0.0, 0.0, 0.2, 0.0, 0.1, 0.1, 0.0, 0.0, 0.0, 0.11, 0.0, 0.49, 0.158, 0.015, 8.55, 669.0, 1351.0, 1.0])
(7, [0.0, 0.0, 0.0, 0.0, 0.0, 0.0, 0.0, 0.0, 0.0, 0.0, 0.0, 1.2, 0.0, 0.0, 0.0, 0.0, 0.0, 0.0, 0.0, 0.0, 0.0, 0.0, 0.0, 0.0, 0.0, 0.0, 0.0, 0.0, 0.0, 0.0, 0.0, 0.0, 0.0, 0.0, 0.0, 0.0, 1.2, 0.0, 0.0, 0.0, 0.0, 0.0, 0.0, 0.0, 1.2, 0.0, 0.0, 0.0, 0.0, 0.202, 0.0, 0.0, 0.0, 0.0, 1.533, 5.0, 23.0, 0.0])
(8, [0.0, 0.0, 0.0, 0.0, 0.0, 0.0, 0.0, 0.0, 0.0, 0.0, 0.0, 0.0, 0.0, 0.0, 0.0, 0.0, 0.0, 0.0, 7.31, 0.0, 0.0, 0.0, 0.0, 0.0, 0.0, 0.0, 0.0, 0.0, 0.0, 0.0, 0.0, 0.0, 0.0, 0.0, 0.0, 0.0, 0.0, 0.0, 0.0, 0.0, 0.0, 0.0, 0.0, 0.0, 0.0, 0.0, 0.0, 0.0, 0.0, 0.0, 0.0, 0.0, 0.0, 0.0, 1.714, 4.0, 12.0, 0.0])
(9, [0.0, 0.0, 0.0, 0.0, 2.94, 0.0, 0.0, 0.0, 0.0, 0.0, 0.0, 0.0, 0.0, 0.0, 0.0, 2.94, 0.0, 0.0, 0.0, 0.0, 0.0, 0.0, 0.0, 0.0, 0.0, 0.0, 0.0, 0.0, 0.0, 0.0, 0.0, 0.0, 0.0, 0.0, 0.0, 0.0, 0.0, 0.0, 0.0, 0.0, 0.0, 0.0, 0.0, 0.0, 0.0, 0.0, 0.0, 0.0, 0.355, 0.355, 0.0, 0.711, 0.0, 0.0, 4.0, 12.0, 28.0, 1.0])